%YAML:1.0
---
model_type: PINHOLE
camera_name: cam0
image_width: 640
image_height: 480
distortion_parameters:
   k1: 0.000796609098094323
   k2: -0.0019114356371220035
   p1: -0.0001507191182327975
   p2: 0.0002696192760218584
projection_parameters:
   fx: 387.7150200679693
   fy: 387.68940872477935
   cx: 324.72438364336574
   cy: 236.2975534633805
