%YAML:1.0
---
model_type: PINHOLE
camera_name: cam1
image_width: 640
image_height: 480
distortion_parameters:
   k1: -0.0003431664861082894
   k2: 0.00039031225259069454
   p1: 0.00012914943896281345
   p2: 0.00010429587814045456
projection_parameters:
   fx: 387.65977302332425
   fy: 387.67434378435416
   cx: 324.8551774567771
   cy: 236.22549040660257
